$ 1 0.000005 10.20027730826997 50 5 50 5e-11
w 160 80 256 80 0
r 256 80 304 80 0 5200
w 304 80 368 80 0
w 368 80 368 144 0
r 368 144 368 192 0 6500
w 464 80 464 144 0
r 464 144 464 192 0 4400
w 368 80 400 80 0
r 400 80 432 80 0 3100
w 432 80 464 80 0
w 368 192 368 224 0
w 464 192 464 224 0
w 368 224 400 224 0
r 400 224 432 224 0 3300
w 432 224 464 224 0
w 464 80 544 80 0
w 544 80 544 144 0
r 544 144 544 192 0 2600
w 544 192 544 224 0
w 544 224 464 224 0
w 368 224 160 224 0
w 160 224 160 208 0
g 160 224 160 272 0 0
v 160 208 160 144 0 0 40 5 0 0 0.5
v 160 144 160 80 0 0 40 5 0 0 0.5
o 18 64 0 4099 5 0.00078125 0 2 18 3
o 18 64 0 4099 5 0.00078125 1 2 18 3
